11/11/21 13:13

Problem 1 (10 points):

- - - - - - - - - - - - - - - - - - - - 
A =
[[3. 9. 1. 1. 3. 7. 3. 3. 2. 2.]
 [6. 9. 2. 8. 8. 5. 8. 3. 2. 7.]
 [2. 2. 1. 2. 7. 8. 9. 4. 2. 3.]
 [1. 8. 4. 2. 9. 3. 2. 4. 2. 5.]
 [8. 8. 4. 7. 8. 3. 9. 8. 4. 9.]]
A != U S Vh
	Correct response:
[[3. 9. 1. 1. 3. 7. 3. 3. 2. 2.]
 [6. 9. 2. 8. 8. 5. 8. 3. 2. 7.]
 [2. 2. 1. 2. 7. 8. 9. 4. 2. 3.]
 [1. 8. 4. 2. 9. 3. 2. 4. 2. 5.]
 [8. 8. 4. 7. 8. 3. 9. 8. 4. 9.]]
	Student response:
[[3.99  8.306 2.853 0.589 2.721 5.807 3.001 3.701 2.888 1.544]
 [6.356 8.565 2.873 6.31  6.735 5.146 2.825 7.081 3.429 6.734]
 [2.72  2.589 3.926 0.181 6.023 7.846 3.401 4.805 1.916 4.668]
 [1.3   7.02  3.511 2.79  9.026 3.572 1.81  5.051 3.329 3.266]
 [7.468 8.445 3.048 7.488 7.77  6.071 3.261 8.163 4.123 8.942]]
U not orthonormal:
[[ 0.304+0.j  0.133+0.j  0.542+0.j  0.208+0.j  1.11 +0.j]
 [ 0.5  +0.j  0.331+0.j -0.022+0.j  0.224+0.j  0.06 +0.j]
 [ 0.32 +0.j  0.06 +0.j -0.125+0.j -0.775+0.j  1.262+0.j]
 [ 0.375+0.j  0.033+0.j  0.396+0.j -0.63 +0.j -0.295+0.j]
 [ 0.576+0.j  0.323+0.j -0.252+0.j  0.218+0.j  0.073+0.j]]

- - - - - - - - - - - - - - - - - - - - 
A =
[[8. 6. 6. 6. 3. 1. 8. 1. 3. 4.]
 [2. 3. 7. 5. 6. 2. 4. 4. 2. 3.]
 [4. 7. 1. 6. 2. 6. 9. 9. 7. 1.]
 [9. 5. 1. 3. 9. 3. 5. 9. 1. 6.]
 [9. 2. 5. 3. 6. 6. 2. 1. 4. 4.]
 [8. 6. 6. 6. 3. 1. 8. 1. 3. 4.]
 [2. 3. 7. 5. 6. 2. 4. 4. 2. 3.]
 [4. 7. 1. 6. 2. 6. 9. 9. 7. 1.]
 [9. 5. 1. 3. 9. 3. 5. 9. 1. 6.]
 [9. 2. 5. 3. 6. 6. 2. 1. 4. 4.]]
A != U S Vh
	Correct response:
[[8. 6. 6. 6. 3. 1. 8. 1. 3. 4.]
 [2. 3. 7. 5. 6. 2. 4. 4. 2. 3.]
 [4. 7. 1. 6. 2. 6. 9. 9. 7. 1.]
 [9. 5. 1. 3. 9. 3. 5. 9. 1. 6.]
 [9. 2. 5. 3. 6. 6. 2. 1. 4. 4.]
 [8. 6. 6. 6. 3. 1. 8. 1. 3. 4.]
 [2. 3. 7. 5. 6. 2. 4. 4. 2. 3.]
 [4. 7. 1. 6. 2. 6. 9. 9. 7. 1.]
 [9. 5. 1. 3. 9. 3. 5. 9. 1. 6.]
 [9. 2. 5. 3. 6. 6. 2. 1. 4. 4.]]
	Student response:
[[7.78  6.    5.986 6.119 2.619 1.511 8.067 0.972 3.65  3.553]
 [1.78  3.    6.986 5.119 5.619 2.511 4.067 3.972 2.65  2.553]
 [5.32  7.001 1.087 5.286 4.289 2.934 8.598 9.165 3.102 3.68 ]
 [7.9   4.999 0.928 3.595 7.093 5.555 5.335 8.862 4.249 3.767]
 [9.    2.    5.    3.    6.    6.    2.    1.    4.    4.   ]
 [7.78  6.    5.986 6.119 2.619 1.511 8.067 0.972 3.65  3.553]
 [1.78  3.    6.986 5.119 5.619 2.511 4.067 3.972 2.65  2.553]
 [5.32  7.001 1.087 5.286 4.289 2.934 8.598 9.165 3.102 3.68 ]
 [7.9   4.999 0.928 3.595 7.093 5.555 5.335 8.862 4.249 3.767]
 [9.    2.    5.    3.    6.    6.    2.    1.    4.    4.   ]]
U not orthonormal:
[[-0.32 +0.j -0.069+0.j -0.457+0.j  0.05 +0.j  0.388+0.j]
 [-0.248+0.j -0.062+0.j -0.177+0.j  0.375+0.j -0.512+0.j]
 [-0.354+0.j  0.352+0.j  0.144+0.j  0.187+0.j  0.19 +0.j]
 [-0.364+0.j  0.076+0.j  0.394+0.j -0.155+0.j -0.047+0.j]
 [-0.281+0.j -0.371+0.j -0.045+0.j -0.485+0.j -0.215+0.j]
 [-0.32 +0.j -0.069+0.j -0.457+0.j  0.05 +0.j  0.388+0.j]
 [-0.248+0.j -0.062+0.j -0.177+0.j  0.375+0.j -0.512+0.j]
 [-0.354+0.j  0.352+0.j  0.144+0.j  0.187+0.j  0.19 +0.j]
 [-0.364+0.j  0.076+0.j  0.394+0.j -0.155+0.j -0.047+0.j]
 [-0.281+0.j -0.371+0.j -0.045+0.j -0.485+0.j -0.215+0.j]]
Score += 6

Problem 2 (10 points):
Score += 10

Problem 3 (5 points):
Score += 5

Problem 4 (5 points):
Score += 5

Problem 5 (15 points):
Score += 15

Code Quality (5 points):
comment code, title problem 2
Score += 1

Total score: 42/50 = 84.0%

-------------------------------------------------------------------------------

